numEmployees = 6;
numDays = 7;
numShifts = 2;

employeeName = ["Alice", "Bob", "Carol", "David", "Eva", "Frank"];
dayName = ["Mon", "Tue", "Wed", "Thu", "Fri", "Sat", "Sun"];
shiftName = ["Day", "Night"];

demand = [
  [2,1],
  [2,1],
  [2,1],
  [2,1],
  [2,1],
  [1,1],
  [1,1]
];

availability = [
  [[1,0],[1,0],[1,1],[1,1],[1,0],[0,0],[0,0]],
  [[1,1],[1,1],[1,0],[1,0],[1,1],[1,0],[0,0]],
  [[1,0],[1,0],[1,0],[1,1],[1,1],[1,1],[1,0]],
  [[0,1],[0,1],[1,1],[1,1],[0,1],[1,1],[1,1]],
  [[1,1],[1,1],[1,1],[0,1],[0,1],[1,1],[1,1]],
  [[1,1],[0,1],[0,1],[1,1],[1,1],[1,1],[1,1]]
];

assignmentCost = [
  [10,15],
  [11,14],
  [10,16],
  [12,13],
  [11,13],
  [12,12]
];

minShifts = [2,2,2,2,2,2];
maxShifts = [5,5,5,5,5,5];
maxConsecutiveDays = 5;
